0.40029697526920555
0.49303625174500043
0.5541084433487391
0.5505788690596326
0.4037421047072988
0.43107525246277967
0.3220458613971016
0.26519349083846544
0.43475256775910853
0.5000859524475082
0.9976810174926831
0.5798876168828043
0.4508001304270675
0.6121558472243623
0.48381899358084374
0.3944773998250089
0.44998609801239253
0.6740319234668394
0.7723167086455344
0.06973204413995211
0.13840564841859243
0.3740819055999866
0.8215882069027558
0.6696224571213845
0.6401174786927072
0.09330540586726659
0.5500459925338348
0.6403930034890224
0.5160084418485199
0.4538513997184072
0.6582253891528196
0.47396535386412203
0.592920505358289
0.5456460698617974
0.3236939635091204
0.6017702762353246
0.4813555274723462
0.15968464816737488
0.4463287968324204
0.13922070779900322
0.548823117666965
0.5498693072221533
0.671158166386844
0.3662962760575738
0.44061522416538795
0.4424117353158139
0.2759357143282328
0.40832120653092285
0.4167779934315922
0.2857032687460717
0.4506314657296316
0.5626332586473233
0.6879118305571715
0.6110587860800688
0.3134519865316236
0.8831694115412343
0.1866745485442641
0.571202078335434
0.18185212987311955
0.9753014806588675
0.36118033640501124
0.5154622713797578
0.5639805452263325
0.1691609672788764
0.1872723098333078
0.309509962166012
0.7385001533029869
0.07334791729999672
0.3800765033709834
0.6758298350766521
0.27400008215698984
0.1889925302271338
0.688042014586004
0.5307192711798837
0.6633989220546855
0.6141347044486113
0.7005333670070948
0.4879855483952125
0.5699020236415291
0.30300594931481656
0.4092738946421011
0.43595344502440087
0.45590449391714905
0.4392490076706309
0.5364075224198473
0.42598932455681976
0.5913555413472833
0.3745421719964748
0.6899452213528456
0.6107967015201443
0.7237469764779914
0.24745928148845445
0.5028331899954835
0.5360181532610784
0.15445746900173618
0.6161448838609748
0.3693390099467542
0.6458559660853794
0.2787902754096866
0.6325949851192108
0.6166656142310312
0.48314582609215256
0.40024050697417557
0.19588862277952446
0.4418549109871805
0.5019309378330935
0.27376752573144375
0.4069652732536922
0.6999192004004298
0.5108194361231199
0.5086084646169058
0.46139340506903076
0.5214604036846714
0.6045605286502336
0.2886453497342271
0.3649472084691598
0.48700992460443226
0.5427384378619526
0.18337378849434477
0.29514794226951047
0.5522447701405236
0.25378883351457865
0.37883033525403736
0.6490760178685493
0.44134280210484395
0.6426409131964005
0.5614758247204601
0.5500459925338348
0.5299610552789635
0.5043102126458365
0.7203384570071445
0.505559588730206
0.5072879877247637
0.2703144249359857
0.17515534995829218
0.6408350063628686
0.44866995228473155
0.0821066541113423
0.6378555861939035
0.40451321615473046
0.25444449129071534
0.6390159653813999
0.3213504838096026
0.43370357713300556
0.5537768731175956
0.526532927345855
0.7978726720202989
0.2911792220178513
0.4811892033100171
0.2089672555858488
0.6543578756546794
0.09657342906066829
0.3754448782299065
0.677219267247316
0.4497539482958712
0.3772419588902562
0.19943106618204648
0.4497874995910648
0.5559875846997092
0.27436750278305794
0.12505535227350642
0.3531546485120071
0.6829329886680555
0.680825727006416
0.39568715219199296
0.47057282977727166
0.6453108481401211
0.4135145679407422
0.3028384696143585
0.8527125632985055
0.44944125660886936
0.6731785724735186
0.6869149697318009
0.35583350131938535
0.3537518502676427
0.6105727818282571
0.9774918990630822
0.5390650470067534
0.6832555037308681
0.2661449941078333
0.5027699513103103
0.5768653129199338
0.012958782092191302
0.47259110527852344
0.4641289418654111
0.5285210895464932
0.29128360425374183
0.7405377375677988
0.4567341155720746
0.4721589856331048
0.46031470282996967
0.43967883287399784
0.5511721936532561
0.47622098160222526
0.6169057421997016
0.5043506006527781
0.15913031821215506
0.23371294146693442
0.9187940257280697
0.24185717743918225
0.5929730416393929
0.10955048808151584
0.570968983362781
0.37527444983434416
0.6395577781797217
0.5592370846339328
0.29066739683816245
0.6178190082951659
0.30606041485019364
0.34143099804169486
0.4044230533519767
0.3544168578771184
0.5273624938542657
1.0
0.48740284729183486
0.2635651884775587
0.6389086289256503
0.16044868881438526
0.6155891453723935
0.7066614721720746
0.697811272340255
0.3434524681094934
0.8080977748981267
0.5515167455583316
0.3758538286195905
0.6144985254435247
0.30619897153487347
0.2374099450561953
0.49089554403910596
0.3693390099467542
0.3345428953666567
0.4826741800408881
0.5689375590315366
0.34534934348942503
0.5257481776297924
0.747956895330529
0.1442580875145025
0.4080958167995165
0.4453081298686989
0.4062374944961969
0.71802041823935
0.43274072297027694
0.5935912119819449
0.5832956830450876
0.7642040756292828
0.20173462701674058
0.3270997659594743
0.6191202238759678
0.15327877279411964
0.3688734737671255
0.2658572666791561
0.5591565269954943
0.5424256534880638
0.6954726117040343
0.5186759391690029
0.5066805460434418
0.6144873248114799
0.45111655968106895
0.7016377972949289
0.4091542249130285
0.41756856569265044
0.5983173475833368
0.41036337127505157
0.804644466754076
0.7104547748466619
0.5821600869096281
0.6040620263806239
0.8368277570704267
0.42658901506100666
0.30333327923926834
0.30619897153487347
0.4992920669345761
0.22351979661232477
0.3265756743624156
0.2895716718975689
0.3224103525493061
0.7865386489534144
0.3771245681394513
0.2525475529397249
0.36139093905225267
0.20293724543950817
0.5920955797104215
0.2661279548146936
0.5154940523404956
0.538845053943288
0.5988223433846842
0.29338828655533866
0.31448666978929735
0.3638188185819517
0.3735972048304297
0.27195692517472153
0.6202590625403455
0.8833899360664893
0.47419040872018403
0.4262073648279735
0.589049872167678
0.4189239524693912
0.33701049930256244
0.6719936849872272
0.43451785704811524
0.45291581303547673
0.3104690893155303
0.5746194694030375
0.6048664430713542
0.4066987142361863
0.6954809047235445
0.7017592092969863
0.6402067549619598
0.4069138828781362
0.21062129637803073
0.6508337381701798
0.5055911264344425
0.4176500864110817
0.5636574732940272
0.17867315662646746
0.4875897595484902
0.7578249806073585
0.7508430017707638
0.4622783809814217
0.4152903685977654
0.2917820962138862
0.6482552236690731
0.3676903139471628
0.6865103516750333
0.551235429496037
0.2658853725011165
0.34602634432994445
0.21644214137915516
0.4487170172516911
0.4684410805903293
0.48977378789978526
0.3828922045430325
0.6884646691717538
0.3705392379170189
0.5082830342370812
0.19659538071952054
0.2632065331465176
0.47662226099924093
0.3342886960064935
0.8292297322448452
0.4042946649523942
0.43132601529250625
0.5353291058105427
0.8263094487564469
0.7799899904297841
0.612915688301253
0.8832451565591046
0.5683744235284476
0.3738632702089472
0.41493115669471853
0.2630537229756605
0.4700861391051105
0.27828091873944377
0.4223699588423517
0.3346598946641228
0.4191260812771315
0.4482084802781865
0.37249172119093865
0.32672574183446684
0.5027265915455187
0.5599596055254926
0.17644226762246948
0.16076355207201942
0.6211591881696676
0.8630866450323877
0.5370915101715517
0.23796453735105963
0.6192459845253632
0.31462752777121034
0.38558429239422864
0.4437454166891854
0.5297513309591113
0.6652150744350414
0.5190802690637789
0.6624146572393421
0.6597111318667453
0.25622147458542294
0.4342992012289236
0.5017314105944495
0.35857825875545957
0.35456439398025713
0.49169633536875335
0.0
0.3582414417632176
0.590619893183419
0.5905539973286118
0.5301982057952271
0.5831865669939942
0.6554731612673235
0.45960598552233684
0.4109765491116158
0.5293988990113092
0.43244976656544803
0.4007781018197206
0.28511295095926636
0.7477556772758912
0.6589851297827957
0.5818528800831808
0.49692388599110465
0.4907174929098296
