0.48502621054649353
0.4975169599056244
0.3699150085449219
0.6937664747238159
0.4079475700855255
0.44430163502693176
0.46660420298576355
0.4557272791862488
0.5640119910240173
0.44530901312828064
0.7764102816581726
0.617405891418457
0.6125820875167847
0.3510812520980835
0.6728537678718567
0.4379516839981079
0.6237074732780457
0.630565881729126
0.3365919888019562
0.551030695438385
0.6622554063796997
0.39469197392463684
0.5363677144050598
0.7352672219276428
0.5975334048271179
0.56414395570755
0.3938356935977936
0.6135899424552917
0.554400622844696
0.5416317582130432
0.48347070813179016
0.5996034741401672
0.4816056191921234
0.4970494210720062
0.6032482981681824
0.7270305156707764
0.5924336314201355
0.48832443356513977
0.4779983460903168
0.6186030507087708
0.4183327257633209
0.7298263311386108
0.6453165411949158
0.5470355153083801
0.47787222266197205
0.5246229767799377
0.41433390974998474
0.587544322013855
0.42580756545066833
0.5776059031486511
0.5092509388923645
0.3825916051864624
0.44174522161483765
0.6390766501426697
0.24525809288024902
0.4151366055011749
0.6851858496665955
0.48811522126197815
0.4576680064201355
0.5867962837219238
0.6119174361228943
0.7312967777252197
0.5640968680381775
0.4870814383029938
0.4013487994670868
0.5531373620033264
0.6378827095031738
0.5353757739067078
0.6006724238395691
0.5300801396369934
0.4925203025341034
0.34926092624664307
0.5443246364593506
0.3133052587509155
0.5233564972877502
0.5068638324737549
0.28865936398506165
0.6262346506118774
0.5187357068061829
0.5431724190711975
0.45396703481674194
0.5199492573738098
0.2997976243495941
0.593101978302002
0.7758410573005676
0.6777879595756531
0.3453393578529358
0.5478722453117371
0.6478915810585022
0.7192760109901428
0.4949270188808441
0.4668947458267212
0.44769617915153503
0.6221960186958313
0.419127494096756
0.5154061913490295
0.5477181077003479
0.6642337441444397
0.5112858414649963
0.6615870594978333
0.39907369017601013
0.3385595679283142
0.6632117033004761
0.5720358490943909
0.5319823622703552
0.5110270977020264
0.2900054156780243
0.8273258805274963
0.49168267846107483
0.6368073225021362
0.3865852355957031
0.39883655309677124
0.40511786937713623
0.4250730574131012
0.5951995849609375
0.5400542616844177
0.5869500041007996
0.5713679790496826
0.6564640402793884
0.5158221125602722
0.49565085768699646
0.5233921408653259
0.4515366554260254
0.5208254456520081
0.6267812252044678
0.6070910096168518
0.6680805087089539
0.6432177424430847
0.5135250687599182
0.35197514295578003
0.49552121758461
0.5361149907112122
0.46986934542655945
0.4857296049594879
0.47952428460121155
0.5600122809410095
0.7746027708053589
0.5594289302825928
0.7834823131561279
0.4999506175518036
0.6425319910049438
0.47587236762046814
0.36952945590019226
0.597870409488678
0.4371781647205353
0.37153029441833496
0.38816726207733154
0.4325997829437256
0.5964298248291016
0.4906339943408966
0.6882802844047546
0.5653114914894104
0.5175825357437134
0.5386806130409241
0.48484811186790466
0.7347679734230042
0.49882206320762634
0.5648885369300842
0.6574797630310059
0.45537427067756653
0.6272401809692383
0.4135158956050873
0.7255359292030334
0.3934074640274048
0.6763237118721008
0.578158438205719
0.5941842198371887
0.586746871471405
0.5205647349357605
0.7708151936531067
0.5042738914489746
0.5350001454353333
0.4534015953540802
0.428136944770813
0.6683476567268372
0.7285581827163696
0.6991804242134094
0.6745680570602417
0.6713855266571045
0.4945501983165741
0.6234152913093567
0.5917269587516785
0.38139599561691284
0.5905042290687561
0.517042875289917
0.7010374665260315
0.47644147276878357
0.5698774456977844
0.6320943832397461
0.6838312745094299
0.409694105386734
0.4033319354057312
0.36327335238456726
0.7175439596176147
0.6209248900413513
0.5681951642036438
0.4103882312774658
0.4215533435344696
0.6655923128128052
0.5740486979484558
0.5989159345626831
0.42274945974349976
0.32822385430336
0.46508726477622986
0.7082101106643677
0.5487769246101379
0.627159059047699
0.5409522652626038
0.280112087726593
0.5096340775489807
0.6241655349731445
0.6703407168388367
0.6040836572647095
0.6643335223197937
0.5466042160987854
0.5865803360939026
0.6573824286460876
0.640481173992157
0.6899502277374268
0.6691879630088806
0.6356215476989746
0.5487709641456604
0.4981459081172943
0.5166517496109009
0.45288342237472534
0.6962509751319885
0.5985118746757507
0.6960175633430481
0.7027202248573303
0.3773106038570404
0.4175238013267517
0.6635909080505371
0.48320165276527405
0.6388612389564514
0.5349045395851135
0.6873353123664856
0.5109612345695496
0.5361533761024475
0.5966195464134216
0.40636321902275085
0.5470942854881287
0.593988835811615
0.5051129460334778
0.43910205364227295
0.366966187953949
0.5265439748764038
0.4213607609272003
0.6426442861557007
0.37831300497055054
0.41647040843963623
0.7266788482666016
0.3632035553455353
0.4610658884048462
0.5394443869590759
0.7106541991233826
0.657696545124054
0.6368843913078308
0.750527024269104
0.726529598236084
0.49215707182884216
0.6630586981773376
0.4670664370059967
0.6625008583068848
0.6459186673164368
0.6651650071144104
0.6886964440345764
0.6560616493225098
0.6824366450309753
0.5120285153388977
0.7183240056037903
0.580925703048706
0.43336060643196106
0.611089825630188
0.5548195242881775
0.5996553301811218
0.5321149230003357
0.5804986357688904
0.4534990191459656
0.5483711957931519
0.39695093035697937
0.41502460837364197
0.6399490833282471
0.5344882607460022
0.6047422885894775
0.606606125831604
0.7613148093223572
0.47195330262184143
0.43983888626098633
0.567958652973175
0.7080991268157959
0.34997662901878357
0.5991999506950378
0.455854207277298
0.7842521071434021
0.40862786769866943
0.4618256986141205
0.4828025996685028
0.6358451247215271
0.4137378931045532
0.5088836550712585
0.4608812630176544
0.4148867428302765
0.6193065047264099
0.4699252247810364
0.5831214785575867
0.5587053894996643
0.6526417136192322
0.5782462954521179
0.5605513453483582
0.8080713748931885
0.5832597613334656
0.5261978507041931
0.47829362750053406
0.4774174392223358
0.4913899600505829
0.5258936882019043
0.6104369759559631
0.5091505646705627
0.5458002686500549
0.6432612538337708
0.46084514260292053
0.5399748682975769
0.6899965405464172
0.567207396030426
0.33665573596954346
0.45085951685905457
0.4943028390407562
0.5810945630073547
0.6425727009773254
0.7074438333511353
0.6680914759635925
0.3109312355518341
0.6294519901275635
0.46582385897636414
0.36863237619400024
0.5963907241821289
0.48479804396629333
0.48766300082206726
0.38507193326950073
0.5261923670768738
0.6215451955795288
0.4960404932498932
0.5949891805648804
0.6122986674308777
0.4952731430530548
0.6317715048789978
0.7852678894996643
0.6678785681724548
0.5830286741256714
0.5222635865211487
0.49865493178367615
0.41771620512008667
0.5056830048561096
0.37160614132881165
0.5873537063598633
0.5652982592582703
0.3777805268764496
0.470222145318985
0.4916393458843231
0.6753886342048645
0.6140432357788086
0.4613477885723114
0.5185462832450867
0.5520631670951843
0.4908205568790436
0.3661326467990875
0.29938510060310364
0.6627615094184875
0.48112234473228455
0.7417348027229309
0.36220666766166687
0.5173649191856384
0.3312920928001404
0.42621910572052
0.5265805721282959
0.6162903904914856
0.586690366268158
0.5620349645614624
0.6001733541488647
0.4139828681945801
0.49039801955223083
0.5877993702888489
0.5479514002799988
0.4815070331096649
0.7097074389457703
0.5167068839073181
0.5057821869850159
0.6272032856941223
0.47045472264289856
0.5437644124031067
0.6750483512878418
0.35198473930358887
0.5998933911323547
0.3948259651660919
0.4319648742675781
0.5209511518478394
0.6671748757362366
0.4735974371433258
0.5411112308502197
0.5775057673454285
