0.001558205
0.006300754
0.0017292744
0.0018248996
0.9847438
0.006006373
0.0020031007
0.01986247
0.0018720673
0.0035202054
0.001495424
0.0021516606
0.0017113846
0.0016225978
0.0014896435
0.004400767
0.0016558456
0.0016227693
0.9940303
0.0018830595
0.0015066527
0.0013752365
0.0015250724
0.0018898615
0.0015741385
0.0018220346
0.030210346
0.002508998
0.0047038565
0.0029696077
0.001620063
0.0032628046
0.001763415
0.0019287263
0.0015768148
0.0019885397
0.004124436
0.0016034021
0.0017580269
0.0018189083
0.0018472826
0.0022086368
0.0014525709
0.002731728
0.0015230682
0.0018440929
0.0013749995
0.0014297651
0.0022041583
0.002959049
0.004463809
0.0018594982
0.0031228291
0.0068374956
0.001535606
0.0016135683
0.005956561
0.0014281382
0.003081296
0.0015746556
0.005061619
0.0041478784
0.0015424371
0.0021314074
0.0015316359
0.0016929905
0.0020666746
0.20270728
0.0014851111
0.9961055
0.0016067965
0.04528001
0.0051792976
0.0025111302
0.0017635655
0.001793103
0.0027549644
0.001350295
0.9920018
0.0057959664
0.0019889912
0.0021775712
0.0015058237
0.033416882
0.0036309788
0.0015897487
0.019556113
0.004896471
0.002989406
0.0027705426
0.001432639
0.02896591
0.98930466
0.0015010922
0.0019103104
0.006780382
0.0035202606
0.0018555314
0.002228936
0.002835354
0.0014330258
0.0016239772
0.0014900024
0.0014987398
0.0030300582
0.001846372
0.0020302257
0.0073067644
0.0020362611
0.0015182883
0.0015576562
0.0032870034
0.00237646
0.0015662437
0.99449956
0.001534937
0.0038413429
0.002060604
0.009915529
0.0026125133
0.004561207
0.0015456415
0.0024806808
0.0014307677
0.00357976
0.0014775129
0.0020083303
0.0017753366
0.0019457808
0.002649098
0.0103933
0.0019534419
0.004352514
0.0019893064
0.0055457186
0.98628706
0.62006366
0.0019071418
0.002780269
0.002257943
0.0015116163
0.0020223716
0.013039635
0.0019262808
0.0016854752
0.0019232002
0.0014472025
0.0021531878
0.0018865429
0.0022719132
0.0019200533
0.0016737658
0.0017096439
0.0018837317
0.0019748395
0.0027306604
0.0016173212
0.0015695767
0.003283507
0.034477476
0.0014280472
0.0016856889
0.039594274
0.0015053048
0.004107092
0.0021526867
0.9859432
0.001700592
0.002035222
0.02035692
0.99596584
0.0015666434
0.0035237211
0.0054992037
0.0018529271
0.003960093
0.0017895423
0.0029663327
0.0013933411
0.002609688
0.5445947
0.0018106917
0.0019127213
0.0013343766
0.001464349
0.0015826692
0.012298209
0.0015763111
0.0033350585
0.05870193
0.0013745532
0.977018
0.001507493
0.0022684648
0.0035393366
0.001617161
0.0017968904
0.0022415644
0.001533063
0.0015032005
0.0019756781
0.0031252184
0.002210486
0.002994897
0.0032759625
0.01452434
0.0017489725
0.002653977
0.002645701
0.83106506
0.0014716737
0.0014639517
0.0019576375
0.0022302098
0.0016417415
0.0036939317
0.003517744
0.0022993903
0.004472319
0.001869325
0.9871602
0.0015986384
0.0014975844
0.0014746955
0.0075960066
0.0050336914
0.0014545503
0.0015292007
0.0024339026
0.0045978557
0.016519427
0.0015598359
0.002463142
0.0016454809
0.009640087
0.011514574
0.0017232896
0.002976102
0.0021928758
0.010061763
0.0037105826
0.003448412
0.0017472917
0.0034240868
0.0014558918
0.0017380168
0.008716233
0.0019220007
0.9963006
0.0016410233
0.0015815354
0.002186549
0.005942728
0.03330408
0.97000724
0.005306423
0.003667167
0.0015173235
0.0015871427
0.0017945886
0.0023223206
0.0014231585
0.0019293203
0.001966392
0.00249322
0.0039461767
0.0014747276
0.0018828873
0.002366252
0.0016061969
0.0014724588
0.003516837
0.007936233
0.9965965
0.005740146
0.0021058486
0.0024466931
0.001478399
0.0024350411
0.011855612
0.0018759454
0.0024358623
0.0033830306
0.0020647421
0.014344255
0.0016173074
0.002343902
0.0019333785
0.0015494602
0.0016677894
0.0019428816
0.003272934
0.0015399231
0.0021034149
0.0028943138
0.009112635
0.0025808087
0.0028933205
0.0020833157
0.0024105152
0.0016807712
0.0028715231
0.007145214
0.997965
0.0014815517
0.0021428803
0.62346774
0.0017855094
0.002316823
0.002106508
0.0014176178
0.0018831319
0.001533948
0.0017858816
0.0021722731
0.0052962517
0.0022302486
0.0019234492
0.0033926456
0.004835473
0.0014518676
0.004149533
0.0030782071
0.001552581
0.0023712902
0.001744878
0.00516995
0.0014809121
0.020017523
0.23072864
0.0016595054
0.9939569
0.0028555181
0.0015530318
0.004565336
0.0029890551
0.0020594199
0.00171033
0.00566804
0.0017613875
0.0027519083
0.0017790571
0.0018176981
0.001632823
0.00210346
0.0034158728
0.00171949
0.0029569042
0.0016873361
0.96298283
0.0016750315
0.002239752
0.0038439694
0.02539835
0.024868812
0.0020177537
0.008238042
0.009617302
0.0016593457
0.0029083856
0.0018024645
0.020782014
0.026167974
0.0033851534
0.0016738685
0.025256332
0.006169895
0.0015563077
0.023355223
0.0021855317
0.98044604
0.008821634
0.0030204337
0.0022123565
0.0032538718
0.0016956772
0.0016397184
0.0017690436
0.9694594
0.001677185
0.0032415034
0.0014855991
0.0020606585
0.0017936305
0.0015147582
0.0020423178
0.011718827
0.0017311973
0.0034127708
0.0015106106
0.001514043
0.0033816737
0.4036604
0.0022818919
0.0019225834
0.0015915594
0.002086949
0.0015025509
0.0019661787
0.0026407405
