0.440337
0.560995
0.333501
0.488191
0.392503
0.192413
0.254079
0.057519
0.297538
0.540135
0.841762
0.339352
0.374014
0.419062
0.607678
0.417197
0.474569
0.818765
0.507740
0.004945
0.527349
0.338489
0.674063
0.548567
0.531127
0.025775
0.374048
0.738202
0.369348
0.601812
0.576948
0.459991
0.247458
0.614653
0.465574
0.887721
0.449059
0.130224
0.454162
0.085938
0.361280
0.468221
0.552132
0.389111
0.575951
0.557401
0.467088
0.384681
0.553235
0.355200
0.191035
0.445334
0.497557
0.533457
0.303031
0.525351
0.524239
0.390320
0.036482
0.688514
0.287624
0.512692
0.297991
0.351128
0.092631
0.034547
0.195411
0.122225
0.319581
0.303262
0.143912
0.125038
0.727455
0.493861
0.418360
0.470347
0.640664
0.292912
0.453689
0.309266
0.463392
0.466694
0.711340
0.437381
0.556218
0.351151
0.724733
0.404522
0.811501
0.543603
0.804862
0.196813
0.240468
0.219844
0.297431
0.545083
0.542400
0.870874
0.281797
0.405644
0.269411
0.079377
0.432677
0.338875
0.582098
0.407390
0.126198
0.490687
0.739638
0.266947
0.252623
0.487679
0.605091
0.421257
0.083918
0.283271
0.376621
0.669488
0.185946
0.575746
0.539273
0.169239
0.213682
0.808181
0.404553
0.537936
0.205992
0.348457
0.414620
0.403233
0.392060
0.521876
0.485266
0.362549
0.128986
0.603905
0.651463
0.306328
0.967230
0.372732
0.460943
0.509995
0.426818
0.296066
0.413400
0.438323
0.441154
0.239755
0.484031
0.135721
0.745339
0.150712
0.550026
0.603069
0.308500
0.333609
0.393152
0.371467
0.584859
0.407407
0.514573
0.365187
0.411586
0.473790
0.614411
0.237273
0.631085
0.363899
0.254397
0.929073
0.271649
0.491075
0.583757
0.341922
0.358352
0.256946
0.800792
0.386693
0.799512
0.163515
0.443730
0.391507
0.122834
0.386929
0.449740
0.715658
0.563893
0.695325
0.289002
0.648847
0.452276
0.478049
0.458073
0.264169
0.695799
0.304850
0.178458
0.420775
0.443208
0.620232
0.638207
0.070987
0.162687
0.113800
0.700398
0.304963
0.034327
0.315994
0.204842
0.404557
0.277484
0.516957
0.624053
0.660850
0.578042
0.307684
0.623260
0.271521
0.390569
0.514292
0.582799
0.278728
0.659362
0.501442
0.411184
0.728677
0.399260
0.234931
0.385881
0.507563
0.521987
0.454989
0.716491
0.449061
0.374696
0.663660
0.118945
0.530876
0.665412
0.000000
0.483049
0.217988
0.536109
0.333753
0.540329
0.544075
0.536624
0.535436
0.067353
0.353937
0.169787
0.526129
0.315923
0.645319
0.520641
0.517158
0.721568
0.560401
0.519895
0.264506
0.554490
0.439918
0.209399
0.330082
0.621981
0.550752
0.551432
0.769936
0.365823
0.376702
0.381901
0.350375
0.252603
0.274910
0.257702
0.225335
0.663140
0.411933
0.377910
0.114842
0.450501
0.790638
0.089635
0.443209
0.470089
0.739452
0.459269
0.100496
0.213686
0.305724
0.359870
0.569941
0.720099
0.512177
0.554413
0.489730
0.267447
0.469159
0.211031
0.618966
0.236463
0.144542
0.622559
0.675182
0.491506
0.784608
0.494310
0.344829
0.373498
0.575059
0.563470
0.104223
0.268475
0.607151
0.136122
0.621414
0.498363
0.655943
0.372119
0.450500
0.025899
0.576049
0.821586
0.355419
0.278478
0.052859
0.210024
0.626066
0.255097
0.870578
0.247407
0.237029
0.582162
0.491399
0.364839
0.418145
0.380923
0.218178
0.376163
0.445122
0.514252
0.586796
0.567002
0.699445
0.659237
0.433072
1.000000
0.562715
0.592399
0.518379
0.329409
0.285576
0.263097
0.275066
0.401269
0.420722
0.655081
0.109256
0.158179
0.521636
0.518378
0.172949
0.033869
0.777665
0.560810
0.017659
0.160289
0.326791
0.202976
0.685763
0.232492
0.403671
0.274864
0.440118
0.298418
0.428040
0.700695
0.327474
0.398191
0.369982
0.300353
0.397087
0.415642
0.243203
0.493697
0.581566
0.313205
0.783016
0.394904
0.322615
0.511177
0.213829
0.579707
0.150998
0.407885
0.562670
0.676833
0.467222
0.480722
0.326100
