1.8604
2.3796
2.6930
2.3718
2.7505
2.9341
2.4409
2.8445
2.3131
2.6490
2.9668
2.3948
2.6095
2.4606
1.9603
1.5178
2.1388
2.1363
3.0251
2.3030
2.2536
2.0091
1.9479
2.3220
2.0616
2.7517
2.2410
3.0227
2.4650
2.5893
2.3523
2.4744
2.2213
1.9209
2.0325
2.6186
1.9916
2.6726
2.1458
2.4587
1.9815
2.4822
2.5151
1.9965
2.4316
2.2951
2.4095
2.1764
2.3015
2.4499
2.0983
2.6740
2.7981
1.6155
2.8331
2.4025
2.3757
1.7227
2.9451
1.3245
2.5535
2.3026
2.0737
1.9164
1.9583
2.0487
2.5147
1.8563
2.4277
2.3740
1.8498
2.0304
1.6764
1.7206
2.0772
2.2875
1.7085
2.0399
2.4649
2.5599
2.3056
2.3329
2.4190
2.1902
2.5863
2.0231
1.8922
2.7651
1.9989
2.4273
1.8556
2.4232
2.4648
1.9443
1.5417
1.8449
2.2082
1.9655
2.2370
2.5045
2.6250
2.1601
2.2410
1.7666
2.7360
1.8879
1.5585
1.9796
2.0666
2.1118
2.3097
2.5032
2.2490
2.1230
2.2331
1.6321
2.3677
2.0388
1.9616
2.0803
2.0964
2.1000
2.3461
1.7361
2.5680
2.4613
2.0276
2.1730
2.2364
2.2635
2.0193
2.2512
2.1638
2.2578
2.5103
1.7812
1.6599
2.3618
2.6980
1.8999
1.9678
1.8299
2.4057
2.7661
2.5210
2.3367
2.6901
2.1961
2.5095
1.9873
2.5693
2.5266
1.6974
2.8630
2.3883
2.0485
2.0608
2.6894
2.4012
2.4665
1.6580
2.4108
2.5626
2.3638
2.1779
2.4142
2.8709
2.4569
2.2368
2.2647
2.0064
2.5909
2.4401
2.0532
2.3293
2.0368
2.1207
2.4950
1.7866
1.9847
2.1454
2.6540
2.5509
1.9192
2.0130
1.8672
2.1158
2.2777
2.4158
1.9301
2.0457
2.1604
2.0422
2.4776
2.1924
2.2769
2.3449
1.9285
2.1828
2.2111
2.7035
2.4403
2.4386
1.8748
2.1078
2.0333
2.1700
2.6662
2.0593
2.9132
2.5709
2.3400
2.2429
2.1609
2.4892
2.3586
2.0801
2.2583
2.6175
2.3063
2.4522
1.9084
2.4613
2.2348
2.3005
2.6525
2.0774
2.3561
2.3143
2.1159
2.0556
2.7236
2.2634
2.4940
2.6456
2.4340
2.2539
2.5184
2.1815
2.3804
2.1576
1.5812
2.1403
2.0942
1.9804
1.9593
1.9976
2.6010
1.6337
2.3287
2.2122
2.1217
2.2177
2.4291
2.4774
2.2069
2.4864
1.6483
2.0077
1.9417
1.9538
2.0566
2.1910
2.2470
2.4559
2.1583
1.8934
2.1304
2.1445
1.7377
2.1243
2.6271
2.2445
1.9077
2.1175
2.0276
2.0926
2.0955
1.7316
2.2971
1.4413
1.9033
2.8778
1.8267
2.2327
2.4220
2.4722
2.1387
2.4857
2.2892
2.1368
2.3537
2.5331
2.2879
2.0918
2.1604
2.0167
2.0411
1.7140
2.2756
2.3637
2.1862
2.3259
1.9367
2.2026
1.6210
2.1298
2.2436
2.1568
1.9288
2.1490
2.2611
2.0712
2.2691
1.9228
2.5693
2.5514
2.0523
1.9272
1.8943
1.7645
2.4692
1.7698
2.5644
1.9478
1.8240
2.0919
1.6879
1.8958
2.3522
1.9467
2.8108
1.6215
1.9815
1.7412
1.9484
1.9424
1.7806
1.9798
2.6889
1.9633
1.8092
1.9425
1.9114
2.1298
1.7470
1.9202
1.7527
1.7938
2.4338
2.6312
3.3389
3.0545
2.5529
2.9137
2.4271
3.4853
3.7578
3.1563
2.7206
3.0738
3.4067
3.2487
2.3432
3.2703
3.0218
2.7890
2.4440
2.5699
2.4956
3.2374
2.5282
3.0384
2.4636
2.2348
3.0145
2.5323
2.6099
2.5589
3.0255
2.6772
2.3011
3.0696
2.6308
2.5102
2.7435
2.4638
2.4767
2.7362
2.3469
2.4256
3.0615
3.3417
2.6808
2.6643
2.6117
2.3148
2.3038
2.8288
2.7697
