0.568702
0.905168
0.580386
0.541878
0.853356
0.507428
0.353362
0.635812
0.788039
0.694292
0.782242
0.520075
0.875303
0.800396
0.740448
0.830495
0.870175
0.863273
0.747831
0.510117
0.784902
0.693904
0.411162
0.782728
0.778547
0.703102
0.889319
0.776276
0.819574
0.775929
0.818409
0.964803
0.718936
0.782105
0.820654
0.743425
0.827346
0.708694
0.706837
0.765327
0.871054
0.928435
0.866999
0.873143
0.511119
0.864520
0.871988
0.258927
0.862769
0.781139
0.938621
0.832687
0.824434
0.961363
0.861516
0.749644
0.794093
0.774198
0.768475
0.947533
0.473506
0.608261
0.813270
0.829233
0.531834
0.797296
0.592389
0.776803
0.787793
0.917020
0.497439
0.761795
0.936420
0.915615
0.723726
0.611939
0.927401
0.692529
0.691080
0.791764
0.650871
0.605828
0.851608
0.943079
0.821970
0.785468
0.896387
0.826994
0.816400
0.802810
0.807323
0.819012
0.693555
0.648906
0.598378
0.719830
0.856112
0.838336
0.749200
0.325817
0.666211
0.085560
0.704631
0.973876
0.752419
0.904798
0.402354
0.716688
0.964186
0.694025
0.541863
0.647074
0.716669
0.793525
0.915195
0.650014
0.396070
0.769833
0.853049
0.668470
0.839907
0.688138
0.759559
0.841321
0.760946
0.848475
0.771482
0.753563
0.841603
0.841490
0.870611
0.800577
0.807197
0.709653
0.826001
0.744191
0.982940
0.739820
0.851915
0.795943
0.892609
0.869653
0.818417
0.787831
0.849670
0.772477
0.459821
0.691465
0.805347
0.658586
0.735569
0.882961
0.858588
0.893896
0.860370
0.794575
0.705407
0.823368
0.849942
0.395932
0.695944
0.679125
0.874639
0.695153
0.869832
0.699411
0.945600
0.701993
0.785437
0.894851
0.694620
0.572339
0.896461
0.479054
0.716794
0.776803
0.707766
0.793155
0.902674
0.829897
0.895678
0.826586
0.738032
0.923571
0.403268
0.836387
0.752788
0.908822
0.863667
0.809620
0.454862
0.766174
0.777166
0.806735
0.899790
0.752523
0.757441
0.799381
0.670636
0.925287
0.720465
0.582827
0.775393
0.864364
0.271698
0.765352
0.802784
0.904467
0.593447
0.844877
0.727988
0.314415
0.867280
0.823979
0.779176
0.698649
0.847389
0.267176
0.655451
0.818289
0.375265
0.599546
0.839786
0.782938
0.848329
0.960901
0.774024
0.467849
0.667375
0.779537
0.660698
0.872765
0.723503
0.590287
0.781849
0.636545
0.751248
0.698483
0.682392
0.571334
0.920241
0.914294
0.696274
0.765119
0.722522
0.878573
0.787548
0.375941
0.686801
0.780791
0.514947
0.846882
0.684596
0.947385
0.709200
0.876737
0.865416
0.916380
0.784503
0.350514
0.904139
0.604763
0.594242
0.810579
0.680179
0.844563
0.830689
0.847303
0.745972
0.792495
0.834056
0.671837
0.670812
0.720832
0.816243
0.785551
0.846528
0.717905
0.870525
0.717662
0.807632
0.881062
0.829110
0.822834
0.831406
0.854980
0.724727
0.776644
0.828978
0.879308
0.829637
0.789206
0.796540
0.862976
0.867452
0.867082
0.500190
0.795808
0.718694
0.841394
0.863061
0.711533
0.761987
0.954471
0.772091
0.672760
0.679320
0.767582
0.782032
0.751287
0.848893
0.734919
0.624784
0.834688
0.884319
0.907577
0.907496
0.942254
0.754236
0.795995
0.780086
0.810699
0.869787
0.546486
0.733235
0.836565
0.832521
0.924109
0.880240
0.511417
0.676569
0.728803
0.944177
0.854590
0.764724
0.899492
0.843165
0.788711
0.677141
0.601918
0.671780
0.911665
0.886380
0.901677
0.927799
0.799779
0.770559
0.709201
0.823210
0.463281
0.787815
0.327047
0.744104
0.458070
0.765105
0.765642
0.799548
0.569796
0.616086
0.771506
0.722819
0.706807
0.745235
0.815810
0.695478
0.306098
0.200378
0.655851
0.673409
0.605385
0.782679
0.818774
0.846082
0.590148
0.825194
0.839977
0.900992
0.182719
0.802085
0.786542
0.522298
0.767796
0.527363
0.333119
0.729484
0.291986
0.803879
0.908645
0.397848
0.471146
0.934678
0.734666
0.368154
0.702741
0.776165
0.533847
0.791027
0.711099
0.747653
0.681253
