0.138548
0.821646
0.569630
0.526316
0.740963
1.000000
0.403733
0.283150
0.790957
0.406534
0.705150
0.433347
0.757458
0.603501
0.481812
0.677912
0.771026
0.739831
0.522174
0.047524
0.608563
0.423516
0.655833
0.567187
0.569206
0.413677
0.779913
0.558788
0.640054
0.795711
0.699610
0.943298
0.581324
0.682229
0.646471
0.489312
0.685927
0.429070
0.470933
0.812295
0.758714
0.866556
0.736222
0.749950
0.527757
0.775287
0.795686
0.504662
0.750799
0.569621
0.886581
0.719194
0.670575
0.923486
0.733353
0.667109
0.590957
0.552495
0.545097
0.900416
0.546016
0.515132
0.655750
0.673278
0.286053
0.604839
0.710255
0.686972
0.756046
0.842153
0.000000
0.685676
0.873632
0.834065
0.504807
0.612668
0.861121
0.481746
0.656327
0.593703
0.566919
0.581081
0.711708
0.932576
0.797778
0.598053
0.813310
0.659711
0.756007
0.622985
0.706946
0.755121
0.415181
0.376150
0.461695
0.443919
0.719739
0.904254
0.498950
0.513933
0.696330
0.042482
0.410032
0.947828
0.650233
0.815479
0.484365
0.434617
0.929380
0.495145
0.471183
0.350133
0.436066
0.649434
0.874173
0.587156
0.669262
0.671562
0.706412
0.348879
0.705094
0.380851
0.533649
0.684889
0.649154
0.714788
0.544772
0.703031
0.734809
0.687859
0.752155
0.601155
0.754024
0.567549
0.657314
0.493844
0.966186
0.483151
0.704105
0.596161
0.823006
0.743322
0.637503
0.593753
0.700922
0.546822
0.643430
0.389985
0.641859
0.395314
0.714247
0.769386
0.764446
0.802570
0.767359
0.608364
0.563810
0.684691
0.707688
0.665243
0.400266
0.448065
0.756974
0.392197
0.749991
0.570183
0.891645
0.411937
0.583320
0.811867
0.497413
0.441971
0.793906
0.337354
0.559319
0.639038
0.418467
0.670357
0.817690
0.674534
0.810054
0.677299
0.655448
0.885550
0.527322
0.684482
0.559758
0.868523
0.728089
0.635017
0.669633
0.651402
0.711471
0.640857
0.804790
0.570813
0.515848
0.662255
0.604991
0.857547
0.442296
0.228593
0.653180
0.763930
0.503831
0.658013
0.620058
0.824945
0.555663
0.749463
0.487594
0.587451
0.746404
0.648262
0.580617
0.401674
0.717167
0.530120
0.384570
0.688687
0.735954
0.536905
0.681999
0.569948
0.697970
0.943248
0.582580
0.520348
0.435971
0.602382
0.636328
0.761471
0.824622
0.185334
0.642280
0.481919
0.510570
0.557410
0.744931
0.148245
0.985336
0.830705
0.405055
0.609798
0.723794
0.773273
0.628335
0.693119
0.390691
0.569465
0.412207
0.722615
0.496778
0.895639
0.499561
0.758110
0.830260
0.847272
0.578480
0.636195
0.860375
0.494109
0.743850
0.624010
0.559895
0.759545
0.824821
0.729647
0.581090
0.592432
0.738900
0.767508
0.534917
0.449201
0.681766
0.587629
0.747454
0.501052
0.761002
0.667365
0.698132
0.881558
0.675970
0.822398
0.687285
0.721124
0.538132
0.565756
0.662517
0.759098
0.689142
0.583147
0.743541
0.730290
0.735132
0.764227
0.756089
0.659718
0.514311
0.693232
0.746632
0.576907
0.565765
0.922435
0.557223
0.880671
0.533966
0.538081
0.769225
0.506071
0.909123
0.478828
0.418953
0.758351
0.796777
0.846157
0.879143
0.919586
0.516857
0.671834
0.599472
0.707371
0.739719
0.125629
0.556151
0.695462
0.674049
0.872398
0.775973
0.372184
0.356839
0.944647
0.895304
0.761509
0.578222
0.815157
0.690614
0.629182
0.656290
0.552395
0.376949
0.827891
0.778344
0.812524
0.857724
0.631852
0.541977
0.452871
0.646801
0.464270
0.748179
0.418199
0.501327
0.755600
0.621468
0.537044
0.600321
0.624739
0.575243
0.591430
0.843078
0.584124
0.493810
0.863268
0.508119
0.611513
0.377981
0.656994
0.365963
0.319294
0.664639
0.711233
0.773182
0.248038
0.676425
0.922328
0.802303
0.311540
0.847380
0.573553
0.611144
0.649619
0.627057
0.443622
0.697762
0.583971
0.628723
0.845382
0.756250
0.156241
0.881362
0.519068
0.707030
0.432553
0.552775
0.573849
0.840199
0.433827
0.823046
0.704562
