0.998857
0.988690
0.591143
0.557439
0.965749
0.014856
0.302992
0.988473
0.785121
0.982050
0.859334
0.606803
0.993147
0.997291
0.999084
0.983077
0.969324
0.986715
0.973489
0.972710
0.961241
0.964292
0.166491
0.998269
0.987887
0.992528
0.998724
0.993764
0.999094
0.756148
0.937208
0.986308
0.856548
0.881982
0.994837
0.997539
0.968766
0.988318
0.942742
0.718359
0.983393
0.990313
0.997775
0.996335
0.494480
0.953753
0.948290
0.013192
0.974738
0.992657
0.990661
0.946181
0.978293
0.999241
0.989680
0.832180
0.997229
0.995901
0.991852
0.994650
0.400996
0.701391
0.970789
0.985188
0.777614
0.989753
0.474523
0.866635
0.819539
0.991886
0.994879
0.837914
0.999209
0.997165
0.942644
0.611211
0.993681
0.903312
0.725832
0.989825
0.734822
0.630574
0.991509
0.953582
0.846161
0.972883
0.979464
0.994277
0.876794
0.982635
0.907700
0.882903
0.971929
0.921663
0.735061
0.995741
0.992486
0.772418
0.999450
0.137701
0.636091
0.128638
0.999230
0.999924
0.854606
0.994117
0.320343
0.998759
0.998992
0.892904
0.612543
0.944016
0.997271
0.937616
0.956218
0.712872
0.122878
0.868104
0.999686
0.988061
0.974719
0.995426
0.985468
0.997753
0.872737
0.982163
0.998192
0.804096
0.948396
0.995121
0.989068
1.000000
0.860370
0.851758
0.994688
0.994538
0.999694
0.996490
0.999724
0.995726
0.962212
0.995983
0.999332
0.981909
0.998419
0.998132
0.276211
0.992945
0.968835
0.921859
0.756890
0.996536
0.952730
0.985222
0.953381
0.980787
0.847004
0.962045
0.992195
0.126621
0.991622
0.910185
0.992305
0.998109
0.989673
0.828640
0.999554
0.992048
0.987554
0.977834
0.891827
0.702707
0.999016
0.620755
0.874269
0.914569
0.997066
0.915952
0.987658
0.985259
0.981302
0.975873
0.820616
0.961592
0.279214
0.988292
0.945819
0.949121
0.999246
0.984224
0.240090
0.880946
0.842860
0.972613
0.994790
0.934233
0.999033
0.936506
0.736280
0.993027
0.998634
0.937060
0.897606
0.964799
0.039564
0.872690
0.985511
0.983989
0.631230
0.940292
0.968382
0.041380
0.988156
0.999696
0.977736
0.995624
0.977612
0.004232
0.926331
0.947891
0.014576
0.662187
0.997572
0.995928
0.998688
0.978554
0.965468
0.415349
0.898779
0.956693
0.685068
0.984058
0.622385
0.995239
0.921418
0.791171
0.991926
0.839556
0.619853
0.994423
0.855146
0.997883
0.987492
0.920440
0.721251
0.983872
0.946761
0.058763
0.982912
0.992118
0.617687
0.971148
0.872414
0.999130
0.918839
0.995364
0.900572
0.985487
0.990525
0.064834
0.947903
0.715417
0.444634
0.997149
0.800462
0.929581
0.836558
0.964959
0.910855
0.992559
0.929211
0.576165
0.806708
0.992464
0.950720
0.983473
0.945601
0.934758
0.980048
0.767959
0.917132
0.880566
0.982249
0.823271
0.975527
0.988837
0.911322
0.987532
0.995439
0.999518
0.970132
0.995265
0.849539
0.995662
0.999772
0.969938
0.244291
0.931898
0.923077
0.989557
0.979490
0.846159
0.958209
0.986507
0.986958
0.464849
0.824674
0.997083
0.794840
0.996504
0.788662
0.991010
0.830614
0.911025
0.971861
0.968996
0.935848
0.964923
0.991615
0.920155
0.960700
0.914026
0.999856
0.967343
0.910319
0.977669
0.990994
0.975820
0.984507
0.650650
0.996298
0.512959
0.993050
0.947671
0.951225
0.983827
0.995717
0.948239
0.697992
0.651442
0.966610
0.995439
0.994415
0.990830
0.997874
0.967706
0.999141
0.965530
0.999618
0.462293
0.827451
0.235895
0.986880
0.160541
0.908742
0.994240
0.998776
0.514853
0.656930
0.951582
0.602561
0.829490
0.996660
0.768353
0.882836
0.000684
0.022775
0.654708
0.980856
0.891475
0.900718
0.926314
0.918981
0.932258
0.973963
0.757626
0.999681
0.053898
0.756790
0.999532
0.433452
0.885973
0.427669
0.222616
0.761207
0.000000
0.979034
0.971908
0.039446
0.786052
0.987994
0.950263
0.029279
0.972929
0.999554
0.493845
0.741854
0.988371
0.672261
0.657943
