6.422614e-05
0.99991024
0.9858897
0.9999558
0.9997025
0.9996954
0.9999722
0.99993443
0.99995613
0.9999589
0.00059601763
0.9999726
0.00013543283
0.00011844231
0.99996984
0.99134994
0.9999726
0.99997306
0.9997019
0.9999727
0.99997294
0.00054255174
0.9999318
0.99982005
0.93168265
0.9999018
0.999967
0.0003455853
0.000309641
0.9999578
0.99986887
0.9999721
0.9999753
0.99996257
0.9999715
0.99996614
0.9999695
0.9776848
0.99992776
0.999969
0.9999671
0.9012427
0.99939954
2.1201642e-05
2.424723e-05
0.999974
0.9999708
0.9997602
0.9999702
0.9999546
0.99997175
0.99972695
0.99997044
0.9998031
0.99987733
0.9999093
0.9999671
0.99997234
0.99990845
0.00029330375
0.058617268
0.999966
0.9999685
0.9999156
0.99996185
0.99997544
0.99996924
0.9999727
0.99997365
0.9999734
0.99996793
0.99997485
0.9999722
5.830055e-05
0.99996424
0.99987495
0.99994826
0.00037359807
0.99994135
0.9999728
0.9999728
0.33568627
0.9997515
0.9999682
0.99997234
0.9999746
0.99979097
0.99997175
0.9999443
0.9999695
0.9999691
0.99997437
0.9999747
0.99997115
0.99997234
0.9999747
0.9999728
0.9999523
0.25534663
0.99996734
0.9999671
3.5732974e-05
0.9999733
0.99997103
0.99994934
0.9999702
0.999969
0.9999746
0.99985015
2.018673e-05
0.00057422876
0.99982846
0.9999567
0.9925107
0.9999684
0.9999734
0.0003670634
0.99996054
0.9999702
0.9999676
0.9999733
0.9999511
0.99997294
0.9999738
0.99996805
0.9999664
0.999951
0.9999715
0.9999702
0.99997056
0.9999716
0.9999734
0.99996126
0.9997212
0.99997365
0.9999746
0.99994695
0.99995744
0.9999602
0.9999728
0.99997425
0.9999733
0.9999721
0.0014752825
0.99859923
0.7731989
0.9991911
0.9999652
0.99995756
0.9999739
0.0009696979
0.9999747
0.9999608
0.9998493
0.0061788345
0.9999149
0.9999738
0.99996996
0.9999716
0.99997306
0.9997826
0.999974
0.99997187
0.99996364
0.9999205
0.99997234
0.999967
0.9995604
0.9999746
0.9999732
0.010244801
0.99996805
0.99984896
0.9999708
0.99996793
0.9999101
0.9999691
0.9999733
0.99995494
0.9999093
0.9999716
0.9999653
0.0006200741
0.99993324
0.9999658
0.99997175
0.9999739
0.99996746
0.99993074
0.9999627
0.9999728
0.9999571
0.99996686
0.9999671
0.9999727
0.018133786
0.9999629
0.9999738
0.9999702
0.9999629
0.9999734
0.039703615
0.9998735
0.9999708
0.9999759
0.9999746
0.99997437
0.9999677
0.9999727
0.9901606
0.99996746
0.99996436
0.999974
0.99997365
0.9999491
0.9999714
0.99993324
0.9999733
0.99997234
0.9999701
0.99997413
0.99997365
0.99996984
0.9999714
0.99997115
0.999938
0.99997437
0.99997056
0.99997413
0.9999566
1.9344823e-05
0.99997246
0.99997294
0.87442034
0.99995637
0.999974
0.9999695
0.999974
0.999974
0.00027871464
0.9999702
0.99996555
0.99986696
0.9999734
0.9999646
0.99996877
0.9999701
0.99997294
0.9999665
0.9999709
0.99772877
0.99996674
0.99997294
0.99995947
0.9999646
0.999726
0.9989348
0.9997552
0.99992764
4.8976737e-05
0.99997103
9.6980104e-05
0.9999598
0.9999033
0.9998784
0.9999763
0.99996233
0.9999682
0.00014841331
0.9999571
0.9999677
0.999961
0.999972
0.99996996
0.99997246
0.99995124
0.9999732
0.99996746
0.99989676
0.9999701
0.99997306
0.9999745
0.9999678
0.9999702
0.9999727
0.9999685
0.999846
0.9970943
0.9999722
0.99995375
0.0022315462
0.9933462
0.9999701
0.9999746
0.99997497
0.9999713
0.99997425
0.99997044
0.99979836
0.99997556
0.00097287993
0.9999757
0.0006760593
0.9999722
0.999928
0.9999721
0.9999727
0.9999658
0.9998723
0.9999107
0.9999709
0.9999355
0.99996984
0.999961
0.99997056
0.99996793
0.00021985963
0.99995875
0.9996569
0.9999732
0.9999542
0.90354824
0.99997365
0.9999497
0.0022760252
0.9999566
0.9999671
0.99934334
0.9999684
0.9999678
0.99996924
8.8030254e-05
0.99997413
0.99997187
0.9999652
0.99997044
0.99996233
0.003628075
0.99997425
0.999961
0.00019841279
0.0007782562
0.99997365
0.9999734
0.9999659
0.99997544
0.9999713
0.99997354
0.9999715
0.9999484
5.805184e-05
0.99727863
0.9992588
0.9999664
0.9995994
0.99988353
5.5883378e-05
3.6931157e-05
0.9997168
0.9999639
0.99991107
0.00035613542
0.00022841909
0.9997335
0.99623704
0.00013403158
0.90084654
0.9998996
0.003816415
0.0028033669
0.00012970724
0.99995744
0.9981012
0.9999386
0.99996614
0.9981325
0.99991477
6.5203276e-05
0.99988866
0.99966216
0.0003741227
0.99961287
0.00033507083
0.9994159
0.99996984
5.4436907e-05
0.00037205342
3.447095e-05
0.99997044
0.99996006
0.9999652
0.99977905
0.991239
0.00012252401
0.99994445
0.99996734
0.99996114
0.99993575
0.0001372957
0.9999708
