9.0141715e-05
0.9998479
0.9998479
0.9998987
0.9977068
0.00038712294
0.99735814
0.7527298
0.99988604
0.9997539
0.9998832
0.99889237
0.013997985
0.5262107
0.99992263
0.0009423219
0.9998716
0.99987984
0.9883301
0.99993026
0.99991035
0.00042919494
0.9998772
0.9999062
0.99933594
0.99986756
0.99979955
0.99987507
0.0047941064
0.9998708
0.9997813
0.99988854
0.9996984
0.9998454
0.999889
0.99989045
0.98643214
0.00014720098
0.99973494
0.999882
0.9997224
0.9995203
6.535791e-05
2.5807261e-05
0.0023510575
0.99984694
0.9992907
0.99880815
0.9971335
0.99989295
0.99987304
0.9997466
0.99992275
0.9541478
0.9998098
0.9998354
0.9998771
0.99981946
0.9997154
3.947879e-05
0.99974865
0.9998716
0.9998754
0.9997278
0.9997876
0.99984896
0.999859
0.9529146
0.9999155
0.99983466
0.99987054
0.9999013
0.9998596
2.146631e-05
0.9999112
0.99986243
0.002630883
6.146451e-05
0.00019189676
0.9998969
0.99986064
0.001967094
0.015087982
0.99982554
0.9998103
0.9998722
0.9994386
0.9999398
0.99984014
0.9998714
0.9998287
0.9998977
0.99975914
0.9998987
0.99982303
0.9998054
0.9998406
0.99990714
0.027706517
0.9996716
0.99988556
5.869008e-05
0.99991953
0.75128955
0.9998522
0.999846
0.99924386
0.9999248
0.99964
0.9896549
0.00014533711
0.9850654
0.002288339
0.0038734293
0.9993787
0.0043168683
0.99847513
0.99989176
0.9998573
0.00048385758
0.9998584
0.9997081
0.99978226
0.99988246
0.9998946
0.9998852
0.9998808
0.9999051
0.99989605
0.9997687
0.9993618
0.99989676
0.9998783
0.99988234
0.9998934
0.9999236
0.999923
0.9997315
0.9998919
0.9999075
0.9998865
0.9999057
0.9999058
0.9991122
0.99883574
0.9998375
0.9998555
0.9986405
0.99989676
0.99986744
0.0005194945
0.9999021
0.0015185211
0.94941354
0.32448518
0.99985945
0.9999224
0.00022206185
0.99991786
0.99991703
0.9997795
0.99982256
0.99981076
0.99882025
0.99973565
0.9999032
0.99992335
0.9999052
0.9999033
0.99993825
0.9998369
0.99992096
0.99985385
0.9998858
0.99988854
0.9998932
0.99983346
0.9999286
0.99974424
0.9998242
0.99987435
0.99989665
0.15957534
0.99985194
0.9998498
0.999907
0.999684
0.9998697
0.99985504
0.9998603
0.99985087
0.99989176
0.99988866
0.9998373
0.9999169
0.99881065
0.99984264
0.9998429
0.999918
0.99987435
0.9999069
0.9994517
0.00025619054
0.9997782
0.9999229
0.9998716
0.9999124
0.99976116
0.99976534
0.99779284
0.9999249
0.99985754
0.99986875
0.9998679
0.999856
0.9996007
0.9760725
0.9998265
0.9998541
0.9999043
0.99990666
0.43776134
0.99981695
0.9999342
0.999892
0.99992514
0.99991727
0.99988925
0.99969244
0.9997317
2.1003138e-05
0.9998951
0.99984753
0.99976784
0.99973565
0.99987674
0.9999106
0.9998877
0.9999213
0.9989759
0.9998435
0.99985325
0.9998456
0.99988985
0.9998647
0.9997919
0.99955624
0.999913
0.99973077
0.99990237
0.99889684
0.9998615
0.9998883
0.9971481
0.9998259
0.9988564
0.99991536
0.99984074
0.57717633
2.685422e-05
0.9999254
0.00057612034
0.0014088482
0.99920017
0.9999149
0.999861
0.99985874
0.9998678
0.008150201
0.9998964
0.99976546
0.99975246
0.99989855
0.9998964
0.99988544
0.9999081
0.9999267
0.99981195
0.9998066
0.9997775
0.9999012
0.99989915
0.99990904
0.9999269
0.9998722
0.99993193
0.9997569
0.9814425
0.99990666
0.9999081
0.00063763896
0.933997
0.99989605
0.99990714
0.9998274
0.9998503
0.99989545
0.9999286
0.5474443
0.9998852
0.00045472037
0.99990153
0.044345308
0.99988186
0.9977848
0.9999057
0.9998202
0.9998976
0.9998536
0.9998029
0.99992025
0.99985886
0.999902
0.9998698
0.9998623
0.99987245
0.9998167
0.99985194
0.9996101
0.9998872
0.9998467
0.99968326
0.9998286
0.99925977
0.99441165
0.9997985
0.99990106
0.999894
0.99986565
0.99987674
0.9998549
0.0002240025
0.99990225
0.9998579
0.9998393
0.99989486
0.9996877
0.00032279448
0.9991372
0.99985445
8.171943e-05
7.261643e-05
0.9999014
0.9998728
0.99981636
0.99991906
0.999931
0.9970952
0.9999317
0.9993309
0.00012562887
0.99981564
0.81323475
0.5115897
0.999655
0.9996871
0.001660257
2.3024222e-05
0.052220207
0.9997373
7.4487005e-05
0.99678826
0.0014271145
0.99319
0.99866414
0.00022102449
0.0002599893
0.9982147
0.8179885
0.9997693
0.00012023044
0.65500057
0.0003161242
0.93205875
0.99982256
0.9997199
6.472292e-05
0.00020838635
0.9665385
4.7231806e-05
0.00018634104
0.99979955
8.979392e-05
0.0005723485
0.99987864
0.0013353383
6.384923e-05
0.00015937214
0.99982005
0.99991643
0.99984527
0.9876102
0.9997024
0.99949396
0.88462895
0.99978334
0.99968445
0.9999101
0.0012280943
0.99982893
