0.750758
0.736112
0.441329
0.778821
0.437928
0.165890
0.602850
0.439732
0.294153
0.765789
0.444604
0.427683
0.606892
0.761083
0.748524
0.284709
0.607701
0.769049
0.751581
0.905600
0.290023
0.600764
0.372016
0.294677
0.706133
0.331555
0.316935
0.589158
0.509776
0.577830
0.630124
0.576332
0.472062
0.561554
0.288357
0.460384
0.409313
0.431112
0.348562
0.528696
0.605894
0.577012
0.454940
0.527518
0.553959
0.318453
0.475667
0.311441
0.412170
0.390497
0.563572
0.283230
0.446412
0.464445
0.398751
0.619363
0.300018
0.522946
0.414184
0.473055
0.462533
0.389497
0.541300
0.554758
0.594649
0.596858
0.697324
0.512709
0.431112
0.373100
0.399980
0.379234
0.698878
0.440532
0.422988
0.253424
0.400770
0.407632
0.485374
0.430319
0.421487
0.408657
0.281266
0.316650
0.484603
0.556955
0.517403
0.397636
0.361149
0.506906
0.391518
0.470091
0.512673
0.443441
0.488409
0.302275
0.488367
0.416128
0.481890
0.498845
0.523471
0.452982
0.548563
0.513155
0.428926
0.543343
0.378118
0.496670
0.288357
0.350986
0.587886
0.502625
0.444898
0.458102
0.533009
0.538002
0.420596
0.454732
0.509544
0.338413
0.453900
0.414262
0.348340
0.525587
0.575589
0.384122
0.192783
0.435208
0.543683
0.542649
0.428523
0.576247
0.537647
0.389727
0.540445
0.474995
0.356330
0.555416
0.453580
0.439279
0.556332
0.274245
0.386707
0.503931
0.539367
0.499695
0.489015
0.527358
0.415742
0.308265
0.412950
0.467340
0.617330
0.490365
0.493403
0.634141
0.532286
0.309137
0.466199
0.418950
0.478018
0.483473
0.648471
0.357919
0.557797
0.231747
0.573261
0.531386
0.413602
0.306345
0.518171
0.489751
0.090668
0.291629
0.355407
0.481895
0.409534
0.462875
0.432842
0.421462
0.509073
0.551903
0.567698
0.346548
0.371107
0.549123
0.498824
0.580433
0.474817
0.488123
0.490338
0.426474
0.285684
0.581166
0.514129
0.371248
0.447795
0.647553
0.541885
0.534690
