0.117359
0.221859
0.092056
0.210689
0.239321
0.256740
0.082917
0.040844
0.197036
0.168156
0.205608
0.116523
0.150416
0.228030
0.133825
0.141282
0.147198
0.216715
0.176523
0.229172
0.170323
0.111346
0.231292
0.157401
0.123214
0.164159
0.273197
0.176310
0.150232
0.196774
0.180139
0.233769
0.236190
0.130270
0.294882
0.153970
0.228900
0.310427
0.076495
0.202660
0.207118
0.243779
0.149594
0.211047
0.183765
0.154318
0.177423
0.121572
0.134157
0.159353
0.135624
0.173596
0.179929
0.217235
0.249834
0.244591
0.094519
0.159085
0.115078
0.110127
0.193429
0.282963
0.127335
0.178739
0.138465
0.193795
0.101932
0.231021
0.297295
0.231240
0.191413
0.103215
0.259118
0.272123
0.156711
0.081163
0.223575
0.179463
0.176543
0.169290
0.152659
0.146924
0.278805
0.088075
0.142832
0.199445
0.160451
0.274437
0.262737
0.300176
0.206245
0.108403
0.205462
0.168859
0.141143
0.072300
0.077037
0.134336
0.157609
0.097636
0.310588
0.162877
0.248032
0.113355
0.176384
0.171623
0.172832
0.145259
0.310688
0.130742
0.211729
0.082862
0.221165
0.126632
0.095365
0.174308
0.275835
0.115986
0.083423
0.085615
0.108873
0.000000
0.254356
0.184204
0.109297
0.222073
0.095681
0.210687
0.243921
0.118251
0.208898
0.220114
0.172625
0.039033
0.193694
0.204623
0.141758
0.223464
0.156793
0.103694
0.194663
0.125501
0.041687
0.259351
0.144038
0.056532
0.130170
0.143494
0.110141
0.051759
0.122934
0.219005
0.152296
0.105029
0.151236
0.139183
0.154871
0.142983
0.131639
0.111092
0.247162
0.170721
0.189170
0.191899
0.229246
0.159143
0.032838
0.191807
0.142574
0.136824
0.022637
0.193111
0.281438
0.135230
0.256701
0.201914
0.288910
0.182331
0.169974
0.055679
0.136665
0.177912
0.120947
0.155418
0.093128
0.065126
0.176552
0.235260
0.095518
0.193748
0.105367
0.169526
0.260642
0.244134
0.271204
0.036244
0.083661
0.215558
0.130114
0.088514
