0.002680
0.001471
0.002802
0.002676
0.001454
0.001707
0.001782
0.001595
0.001577
0.001636
0.001728
0.001469
0.001583
0.001469
0.001398
0.005833
0.001418
0.001766
0.001681
0.001628
0.001759
0.001556
0.001527
0.001405
0.001593
0.001422
0.001362
0.001814
0.001835
0.001501
0.002338
0.001770
0.001671
0.001645
0.002776
0.001602
0.001597
0.001983
0.001472
0.001998
0.001615
0.001806
0.004765
0.001341
0.001650
0.001554
0.001545
0.001416
0.002413
0.003230
0.001730
0.001651
0.001791
0.001597
0.003297
0.001728
0.001402
0.002017
0.001741
0.001565
0.001556
0.001887
0.001376
0.002066
0.001388
0.001742
0.001968
0.002232
0.004570
0.001587
0.001926
0.001780
0.001668
0.005483
0.001591
0.002166
0.001694
0.002943
0.002222
0.004136
0.001633
0.001718
0.001592
0.002279
0.001602
0.001739
0.001572
0.002639
0.002245
0.001997
0.001637
0.001738
0.001411
0.001906
0.001849
0.442877
0.001456
0.002081
0.001470
0.001774
0.005892
0.001652
0.001640
0.002551
0.002738
0.001761
0.002188
0.002054
0.006902
0.001640
0.003080
0.002555
0.002239
0.001501
0.001659
0.001917
0.001825
0.001712
0.001578
0.002119
0.002118
0.002031
0.001565
0.001606
0.012037
0.002224
0.001383
0.001702
0.003843
0.006487
0.001855
0.001851
0.001513
0.001452
0.001566
0.002106
0.005006
0.001457
0.001780
0.001514
0.001590
0.001518
0.002491
0.035617
0.003450
0.001444
0.001559
0.002244
0.001457
0.001335
0.002978
0.001736
0.001858
0.010906
0.001657
0.001428
0.001973
0.001492
0.001589
0.006003
0.001809
0.001971
0.001467
0.839786
0.001670
0.001697
0.002035
0.002744
0.001611
0.001762
0.003053
0.001735
0.001540
0.001671
0.001621
0.001945
0.002025
0.001731
0.001614
0.001616
0.001628
0.001540
0.001904
0.001768
0.001540
0.001770
0.001602
0.005798
0.001873
0.002773
0.001485
0.001422
0.002771
0.001630
0.001668
0.001765
0.001440
0.002246
0.001587
0.002073
