0.140511
0.175136
0.037567
0.185385
0.125145
0.212636
0.027486
0.018133
0.097528
0.107318
0.172927
0.089752
0.131920
0.195519
0.102856
0.113843
0.121389
0.237288
0.115625
0.166078
0.137562
0.140663
0.079235
0.122847
0.069887
0.089283
0.215035
0.137790
0.133982
0.123282
0.178293
0.229082
0.191942
0.082406
0.246029
0.147337
0.118492
0.271612
0.063864
0.178517
0.149624
0.215198
0.136315
0.168695
0.229811
0.107348
0.089092
0.036912
0.125047
0.118012
0.102966
0.166836
0.155294
0.190167
0.168948
0.192904
0.024169
0.122501
0.133446
0.057576
0.135267
0.276326
0.148620
0.115005
0.143615
0.097899
0.039904
0.213036
0.234532
0.207790
0.111910
0.084296
0.248396
0.168709
0.125190
0.112494
0.168214
0.184441
0.092587
0.159508
0.069773
0.165806
0.284089
0.054650
0.103615
0.073870
0.099340
0.269135
0.203394
0.235273
0.143740
0.113526
0.155382
0.112061
0.125596
0.056475
0.035873
0.099483
0.170495
0.101729
0.203090
0.090322
0.219311
0.119214
0.167919
0.134887
0.175115
0.121913
0.260969
0.085189
0.199554
0.084401
0.204365
0.080687
0.131346
0.193501
0.299466
0.059114
0.056348
0.107432
0.116583
0.026212
0.193145
0.144777
0.040134
0.159956
0.052113
0.130270
0.152102
0.070237
0.168254
0.193233
0.117543
0.080058
0.141216
0.219651
0.142988
0.255314
0.159217
0.075321
0.163437
0.117049
0.020884
0.277828
0.141965
0.027098
0.125796
0.128942
0.067443
0.003555
0.121210
0.166502
0.135199
0.081963
0.069156
0.185153
0.075220
0.080991
0.081586
0.068755
0.246821
0.137905
0.139952
0.133770
0.181595
0.093272
0.023473
0.228686
0.202761
0.118727
0.031571
0.170444
0.173208
0.085572
0.221842
0.149348
0.196803
0.096428
0.122284
-0.000367
0.121445
0.220602
0.094484
0.164201
0.021031
0.082102
0.119099
0.199994
0.075147
0.196110
0.085993
0.136374
0.251211
0.221726
0.252030
-0.021125
0.097439
0.185661
0.128957
0.083407
