2.743600
1.973600
2.250600
2.344100
2.230600
2.504500
1.980400
2.404100
2.106000
1.922200
2.725500
2.321100
2.088300
2.081100
2.203500
2.296500
2.060000
2.691200
2.349700
2.147900
2.369600
2.173200
2.336400
2.403200
2.076000
1.714900
2.692500
2.528800
1.815600
2.357300
2.265500
2.564600
2.602000
2.021300
2.374900
2.357900
2.353900
2.559800
2.192100
2.161800
2.305900
2.466200
2.252900
2.408800
2.636400
1.685000
2.553800
2.164200
2.596100
2.475000
2.012300
2.408900
2.180500
2.220900
2.034300
2.713700
2.284600
2.237100
2.734400
1.382900
1.806300
2.387900
1.988900
2.145600
2.380700
1.887200
1.958900
2.583500
2.540700
2.380700
2.327600
2.220000
2.344200
2.365100
2.551800
1.659300
2.481100
1.928200
2.547900
2.332300
2.328200
1.962900
2.505300
2.042700
2.286600
2.095800
1.528900
2.643400
2.760700
2.332400
2.348900
2.087000
1.966800
2.578200
2.216700
3.049600
1.776700
1.874700
2.040500
2.284300
2.763100
1.967600
2.216200
2.562800
2.473400
2.627400
2.249000
2.240900
2.723000
2.160800
2.382600
2.637800
2.404500
2.111600
2.205700
2.466700
2.292400
1.947500
2.454900
2.267100
1.497300
2.035100
2.253100
2.453400
1.904400
2.044700
2.064700
2.613700
2.752100
2.200200
2.456400
2.236500
2.553800
2.008900
2.402600
2.140500
1.998700
2.109100
2.197100
2.014000
2.087900
2.064600
2.601800
2.531800
2.605800
2.065800
2.147200
2.537800
1.904300
1.451800
2.707700
1.814800
2.212700
1.987900
2.363000
2.400200
2.098400
1.444200
2.538800
2.580800
2.559900
1.867100
2.309100
2.183600
2.330800
2.216800
2.812800
2.598300
2.486400
2.220800
1.493600
2.457700
2.184100
2.414600
2.167100
2.425900
2.126300
2.402600
2.467000
1.493300
1.970900
1.978200
2.186300
2.008800
1.782400
2.251000
1.904200
2.727900
1.931300
2.593100
2.241400
2.554300
2.094800
1.710800
2.472400
2.867900
2.032300
2.353600
2.292500
1.927600
