0.940956
0.781054
0.286857
0.393760
0.245083
0.590920
0.959475
0.169346
0.997122
0.532176
0.729717
0.723096
0.786157
0.248438
0.000869
0.324144
0.024296
0.556452
0.872031
0.540355
0.332605
0.758790
0.082340
0.122539
0.460087
0.608578
0.812348
0.673318
0.611256
0.550925
0.482052
0.107968
0.225220
0.030105
0.448476
0.794383
0.142611
0.365880
0.063962
0.564214
0.168954
0.588433
0.020819
0.354252
0.389565
0.841749
0.023037
0.444264
0.982473
0.999795
0.621602
0.486995
0.579238
0.209482
0.380836
0.647424
0.452877
0.942780
0.570482
0.727796
0.749102
0.194138
0.975248
0.971238
0.679458
0.110579
0.172532
0.431643
0.247299
0.142029
0.920531
0.920944
0.063990
0.265020
0.272715
0.925206
0.685100
0.324013
0.456847
0.547667
0.829868
0.868991
0.433823
0.687041
0.783484
0.541576
0.403813
0.564458
0.014033
0.354529
0.617042
0.484182
0.942686
0.630738
0.374516
0.023260
0.939737
0.687745
0.233445
0.033877
0.690703
0.330626
0.773447
0.964730
0.554272
0.125276
0.452435
0.894526
0.295319
0.402802
0.690330
0.423859
0.150825
0.798732
0.112747
0.220537
0.042200
0.480626
0.424063
0.954537
0.410473
0.780315
0.636519
0.684958
0.064230
0.552691
0.998947
0.564283
0.236571
0.968785
0.760269
0.789486
0.688362
0.989387
0.795168
0.630607
0.351028
0.003280
0.812128
0.868014
0.278406
0.107768
0.376768
0.563812
0.724631
0.208043
0.708727
0.452701
0.359960
0.391199
0.856659
0.735698
0.894155
0.473664
0.457825
0.469937
0.127819
0.307188
0.048800
0.600063
0.853026
0.820501
0.656934
0.661274
0.077427
0.591197
0.962130
0.724341
0.476728
0.495749
0.069352
0.268574
0.609041
0.415486
0.087283
0.098398
0.164536
0.405508
0.075936
0.194099
0.733828
0.069611
0.674344
0.839902
0.016808
0.060338
0.584775
0.508570
0.359983
0.660952
0.010986
0.361167
0.107170
0.937655
0.662743
0.999751
0.555876
0.616993
0.217983
0.006285
