0.949241
0.857251
0.621433
0.680641
0.595906
0.764614
0.953608
0.560614
0.966861
0.740613
0.843314
0.841833
0.859894
0.601249
0.460486
0.643141
0.479534
0.750522
0.914696
0.749391
0.645242
0.856661
0.516867
0.532904
0.694578
0.780457
0.874562
0.813255
0.767526
0.754407
0.708159
0.528985
0.588903
0.475523
0.703863
0.873218
0.545598
0.664022
0.505958
0.757747
0.554425
0.777855
0.485637
0.636242
0.671912
0.884534
0.477926
0.682499
0.960842
0.966843
0.777264
0.719960
0.766538
0.576209
0.655418
0.797876
0.694793
0.940139
0.757183
0.825906
0.840651
0.574166
0.962634
0.954098
0.807834
0.529449
0.562061
0.686687
0.588191
0.545314
0.922269
0.933268
0.508092
0.614573
0.606146
0.931374
0.821559
0.627511
0.704051
0.755972
0.875437
0.904407
0.688665
0.804263
0.869924
0.736556
0.670279
0.764982
0.478407
0.645855
0.774843
0.724047
0.932593
0.778388
0.649583
0.487654
0.928146
0.808256
0.587238
0.488584
0.822008
0.628351
0.851245
0.962275
0.743833
0.537097
0.691649
0.920158
0.629155
0.666586
0.821552
0.674978
0.551469
0.868917
0.530966
0.589577
0.498349
0.713427
0.691787
0.945263
0.672566
0.851224
0.795237
0.807858
0.499135
0.751835
0.964752
0.757037
0.595861
0.960103
0.859958
0.869832
0.822244
0.970069
0.873119
0.791122
0.642976
0.470218
0.874453
0.906371
0.615342
0.530866
0.667758
0.762627
0.839176
0.571093
0.826866
0.703271
0.647975
0.669191
0.903653
0.842442
0.925514
0.705344
0.693949
0.715172
0.535854
0.621908
0.496466
0.771868
0.895719
0.879112
0.807567
0.799883
0.514053
0.761386
0.954104
0.838559
0.707619
0.727875
0.507224
0.598837
0.784061
0.679003
0.505283
0.521508
0.547486
0.679506
0.497124
0.559234
0.840785
0.501009
0.797953
0.900448
0.484385
0.497087
0.756208
0.715869
0.651901
0.809462
0.469619
0.661126
0.511885
0.943825
0.813316
0.967576
0.756683
0.784087
0.587596
0.479913
