0.957527
0.933447
0.956010
0.967522
0.946729
0.938307
0.947740
0.951882
0.936600
0.949050
0.956911
0.960571
0.933632
0.954061
0.920102
0.962137
0.934772
0.944592
0.957362
0.958426
0.957879
0.954531
0.951394
0.943270
0.929069
0.952335
0.936776
0.953191
0.923795
0.957889
0.934266
0.950003
0.952587
0.920941
0.959250
0.952052
0.948586
0.962165
0.947954
0.951280
0.939896
0.967278
0.950454
0.918232
0.954259
0.927318
0.932815
0.920733
0.939212
0.933892
0.932926
0.952926
0.953838
0.942936
0.930000
0.948328
0.936709
0.937497
0.943884
0.924016
0.932201
0.954193
0.950020
0.936959
0.936209
0.948319
0.951591
0.941731
0.929084
0.948599
0.924006
0.945592
0.952195
0.964126
0.939576
0.937541
0.958018
0.931009
0.951255
0.964277
0.921006
0.939822
0.943508
0.921486
0.956364
0.931536
0.936745
0.965507
0.942780
0.937181
0.932643
0.963911
0.922501
0.926038
0.924649
0.952048
0.916555
0.928768
0.941032
0.943290
0.953313
0.926075
0.929043
0.959821
0.933395
0.948919
0.930863
0.945790
0.962991
0.930370
0.952775
0.926096
0.952114
0.939102
0.949185
0.958617
0.954498
0.946227
0.959511
0.935989
0.934659
0.922134
0.953956
0.930757
0.934039
0.950980
0.930556
0.949791
0.955151
0.951422
0.959646
0.950178
0.956126
0.950751
0.951069
0.951636
0.934923
0.937156
0.936778
0.944729
0.952278
0.953965
0.958749
0.961443
0.953721
0.934144
0.945005
0.953841
0.935990
0.947183
0.950648
0.949185
0.956872
0.937025
0.930074
0.960407
0.943889
0.936629
0.944133
0.943673
0.938411
0.937722
0.958199
0.938491
0.950678
0.931576
0.946079
0.952777
0.938510
0.960002
0.945096
0.929100
0.959080
0.942520
0.923283
0.944617
0.930436
0.953505
0.918311
0.924369
0.947742
0.932407
0.921563
0.960995
0.951962
0.933836
0.927641
0.923167
0.943820
0.957972
0.928252
0.961086
0.916599
0.949996
0.963890
0.935401
0.957490
0.951181
0.957210
0.953540
