0.999143
0.000319
0.999051
0.998829
0.000283
0.999152
0.010047
0.998862
0.000316
0.000444
0.999044
0.001128
0.997960
0.001303
0.985739
0.998880
0.000290
0.998790
0.999109
0.999154
0.995792
0.017680
0.000494
0.001579
0.000384
0.000286
0.997710
0.999102
0.000278
0.995825
0.999082
0.999159
0.003011
0.000383
0.999107
0.999073
0.999197
0.992628
0.003961
0.991262
0.000726
0.999144
0.000293
0.002778
0.999054
0.000287
0.002306
0.001364
0.999125
0.013142
0.000292
0.987245
0.000302
0.005027
0.000350
0.998704
0.006044
0.999107
0.000287
0.000278
0.000283
0.998931
0.003118
0.018171
0.001097
0.019691
0.000293
0.004485
0.000437
0.998071
0.000398
0.996561
0.003185
0.999183
0.999157
0.000282
0.999151
0.000869
0.998378
0.999109
0.000326
0.999151
0.998875
0.000533
0.004730
0.000333
0.000401
0.999187
0.994731
0.998476
0.999056
0.009171
0.000423
0.997178
0.000295
0.998921
0.000280
0.000743
0.000591
0.999053
0.999032
0.000423
0.001524
0.999114
0.997780
0.996269
0.998274
0.000490
0.999106
0.000612
0.999112
0.003275
0.006495
0.013523
0.999199
0.995038
0.999155
0.000302
0.999164
0.999124
0.000280
0.000439
0.999213
0.009152
0.999162
0.984974
0.977882
0.715986
0.999154
0.999211
0.999146
0.995949
0.998536
0.000367
0.002575
0.999037
0.999063
0.000527
0.997920
0.975458
0.000285
0.998743
0.000402
0.998630
0.003494
0.001278
0.994269
0.996793
0.000280
0.000280
0.998990
0.000312
0.999118
0.997578
0.000767
0.999153
0.997950
0.998886
0.000514
0.999135
0.999175
0.998267
0.011472
0.999212
0.999139
0.035777
0.998103
0.001800
0.999118
0.999164
0.006240
0.000558
0.001294
0.000316
0.000285
0.064074
0.010912
0.999199
0.998901
0.000282
0.998842
0.000280
0.999103
0.010193
0.001923
0.999159
0.004435
0.999113
0.000334
0.998743
0.000365
0.998948
0.000344
0.002602
0.003477
0.027514
0.999209
0.984552
0.998990
0.000298
