0.997689
0.000028
0.000097
0.987154
0.000029
0.000464
0.000031
0.999915
0.000028
0.999573
0.000028
0.000027
0.999831
0.054905
0.000027
0.999879
0.000029
0.000119
0.999916
0.999921
0.788923
0.191456
0.000031
0.000090
0.000031
0.000028
0.000150
0.999294
0.000029
0.929869
0.999740
0.000084
0.000034
0.000046
0.998322
0.999538
0.001864
0.000221
0.000702
0.000102
0.000065
0.999916
0.000030
0.000086
0.876798
0.000027
0.000029
0.000273
0.017753
0.000088
0.000027
0.999741
0.000028
0.000050
0.000058
0.999794
0.999833
0.999929
0.000030
0.000030
0.000028
0.997323
0.000917
0.000615
0.006057
0.996855
0.000028
0.997147
0.999898
0.999895
0.000030
0.999908
0.994244
0.999874
0.999932
0.000030
0.999922
0.000032
0.000192
0.999900
0.000032
0.999880
0.000575
0.000031
0.000029
0.000074
0.000028
0.999475
0.000079
0.999865
0.985297
0.000027
0.000027
0.999919
0.000029
0.999874
0.000029
0.000028
0.000031
0.999922
0.005318
0.000030
0.000691
0.999927
0.999869
0.999896
0.000047
0.000053
0.999906
0.000028
0.400212
0.000053
0.000069
0.000028
0.999926
0.000067
0.000287
0.000030
0.001550
0.999912
0.000035
0.000028
0.999928
0.999785
0.001666
0.000127
0.000950
0.000143
0.000290
0.996808
0.999906
0.000880
0.000238
0.000075
0.000063
0.953078
0.999836
0.996514
0.999392
0.998845
0.000028
0.000034
0.976074
0.995901
0.000545
0.000029
0.001689
0.000044
0.000028
0.000033
0.999807
0.000035
0.999906
0.000117
0.000169
0.999800
0.000097
0.999808
0.000089
0.999685
0.999892
0.999904
0.730411
0.999917
0.000102
0.000031
0.000073
0.000038
0.999857
0.999921
0.000047
0.000317
0.000904
0.000031
0.000030
0.000131
0.037298
0.999912
0.000469
0.000028
0.000042
0.000030
0.999923
0.999752
0.000028
0.999764
0.000028
0.000095
0.000179
0.011114
0.000027
0.000487
0.000050
0.000174
0.000027
0.000027
0.999835
0.997892
0.000044
0.000057
